RNA processing	8.82782178905213e-17	260	906	1.72055260040453	1.84534194242821e-29	223	823	2.25072258127021	6.58957689749944e-47	385	595	1.82856523623754	6.05760906916555e-18	319	979	1.63306107218376	
NcRNA metabolic process	4.09245541312164e-15	160	491	1.95371537642676	1.47392239008826e-22	134	435	2.55877725589033	4.6954661625873e-22	206	329	1.76944886910855	7.09768793959982e-10	173	531	1.63284897255752	
Ribonucleoprotein complex biogenesis	1.5309725291916e-09	130	432	1.80419057403531	6.95702004774704e-14	109	401	2.25787068872669	2.88396170778557e-21	198	316	1.77069924774901	1.28963683220905e-14	186	516	1.80658199605252	
RNA modification	5.92439599798948e-09	61	154	2.37482667367524	2.44423118213424e-12	55	148	3.08686697494837	2.62397848392177e-07	69	111	1.75668060778594	2.4306109981652e-09	113	311	1.82101066669831	
DNA metabolic process	4.09245541312164e-15	244	865	1.69120604738029	1.49655801795477e-17	190	806	1.9581028498883	6.01828848912895e-12	190	348	1.54291162827776	2.05544527994885e-05	187	665	1.40933551591155	
MRNA metabolic process	4.53631229797431e-05	185	787	1.40935305128435	1.01338760977093e-09	134	613	1.81577178843767	1.27171443964011e-29	257	402	1.80664891839028	6.0100996547437e-08	181	592	1.53232646853496	
Intracellular transport	0.000504972892666749	325	1565	1.24506442169849	0.000196886549798337	221	1367	1.34289080290765	1.78205969013183e-26	379	679	1.57737927662049	6.99860997302256e-12	231	727	1.59247273077958	
Protein-containing complex subunit organization	1.62451195658059e-06	388	1793	1.29740103504012	2.95777352067464e-07	269	1585	1.4097430227318	3.06531154422734e-35	440	764	1.62751879665121	0.000914851699451071	195	742	1.31711938413185	
Cellular amide metabolic process	0.000363754408326298	232	1061	1.31097800400286	0.000744532666348858	168	1015	1.37486539122465	1.4271664907922e-14	344	684	1.42124528196666	2.85567154616782e-11	302	1026	1.47521057666717	
Organelle fission	6.32297494457441e-06	128	484	1.58557727243891	3.12855637620802e-08	104	460	1.87798642207136	3.8940784242202e-13	178	314	1.60197985085547	0.0015239641623802	78	253	1.54514242375625	
Cell cycle	7.92705019546395e-10	383	1659	1.38412461453881	5.48668496260608e-09	269	1522	1.46809638044014	1.25610911484398e-27	428	782	1.54669154369499	0.00200363088887356	177	674	1.316157324778	
Organonitrogen compound biosynthetic process	0.00291809739512918	327	1613	1.21544745696277	1.34436181040945e-05	246	1490	1.37140515953533	2.95849773790602e-18	493	1007	1.38351586574946	1.50266551893979e-13	483	1731	1.39844212653565	
Organelle assembly	0.000165306000666183	191	835	1.37141752781945	3.08199921200985e-05	146	806	1.50464745307206	8.26993477227111e-10	206	400	1.45537169484179	0.00636006232482369	61	196	1.55979742450486	
Nucleic acid phosphodiester bond hydrolysis	2.59520494640586e-10	93	266	2.0961584876357	5.87417237400657e-09	68	245	2.30547155739372	1.26030826061658e-06	92	164	1.5852971338556	-	-	-	-	
Chromosome segregation	1.273406428155e-06	92	306	1.80255782238459	3.62979026741111e-10	85	320	2.20640832641196	5.90005886510821e-11	116	192	1.70735352550209	-	-	-	-	
Mitochondrial gene expression	2.99998188880254e-05	49	142	2.06885731696529	4.15217398122156e-07	36	104	2.87531944799387	1.81534987654718e-13	86	122	1.99207330505162	-	-	-	-	
Mitochondrion organization	1.55682986132677e-05	128	493	1.55663164271893	6.40210074181615e-06	100	484	1.71621454655281	0.000117963202268929	113	228	1.40058764705435	-	-	-	-	
Cellular response to stress	4.53631229797431e-05	395	1895	1.24971414472655	9.87822483590402e-05	273	1730	1.31079110095443	3.41033453977767e-14	315	619	1.4380917667869	-	-	-	-	
Microtubule-based process	0.000327057493726814	189	835	1.35705713485799	0.000658760988247592	147	864	1.41325500645995	3.7643843559049e-08	233	479	1.37463406732528	-	-	-	-	
Cellular macromolecule localization	-	-	-	-	0.00444796764564275	251	1669	1.2492067583788	2.80899892573973e-19	325	604	1.52059345728663	1.13340286904719e-05	200	714	1.40386782019081	
Cell division	0.0013507921057442	133	567	1.40634342181214	0.00450434920961412	99	566	1.45289993308524	2.61968340881159e-14	203	362	1.58472592422294	-	-	-	-	
Macromolecule catabolic process	0.00613829961147471	275	1346	1.22492764999082	0.000173678454036229	203	1235	1.36535636945674	1.81534987654718e-13	280	543	1.45721924066477	-	-	-	-	
Posttranscriptional regulation of gene expression	0.0036770570080275	135	591	1.36952224753012	-	-	-	-	1.98343220870331e-08	132	241	1.54783115432555	0.00263700099788783	93	319	1.46112274288887	
Aerobic respiration	0.00438852388871976	48	167	1.72324715537522	4.31464121684e-05	44	167	2.18853323253825	0.00926657281359325	63	128	1.39090438068921	-	-	-	-	
Mitochondrion	5.69471132398777e-14	364	1472	1.4825739934464	7.52833123828242e-27	370	1752	1.75422203765227	2.32095934058019e-11	395	842	1.32571966760258	3.07532010629205e-14	510	1855	1.37790950955332	
Ribonucleoprotein complex	1.19910405101766e-10	174	623	1.67449558055421	2.46891289194027e-20	170	662	2.13308357840431	4.05435709614955e-41	355	560	1.7914596105022	3.22422268607898e-15	241	730	1.65458322802406	
Nuclear protein-containing complex	4.75076016109514e-15	292	1095	1.5987904163759	1.50372205550988e-23	254	1098	1.92153507736809	7.69235107535129e-59	532	855	1.75837788373549	6.17464102797955e-10	258	880	1.46937101643744	
Catalytic complex	5.64486341741071e-12	311	1256	1.48454563940955	3.73333584889438e-18	269	1296	1.72410701468356	6.84546715105641e-30	516	972	1.50020335318703	2.09322864646845e-07	305	1134	1.34797308290543	
Nucleolus	7.70418085548142e-08	215	875	1.47317116937494	9.97690885602461e-09	173	900	1.59668973791067	1.1485511612347e-07	121	223	1.53337084832475	4.12773850240342e-07	155	510	1.52319658490703	
Intracellular protein-containing complex	1.78407798629528e-10	185	678	1.63593045923419	8.09905101786441e-12	152	692	1.8245443896069	2.66333892800979e-13	266	514	1.46246409590841	0.000197961581200513	182	680	1.34139570219232	
Ribosome	0.00128344300830799	58	210	1.65589007410361	2.77216514258133e-09	61	212	2.39007161662383	9.5313304916643e-14	120	189	1.79426314666887	1.72297142696174e-08	152	476	1.60040931501752	
Chromosome	0.00273021932690877	322	1606	1.20207934481563	2.67751942207256e-23	258	1129	1.89820321396938	3.24045434449927e-44	427	697	1.73125799528476	0.00152496246498301	109	390	1.40073611505346	
Protein-DNA complex	2.8592324493348e-06	55	159	2.07390266275176	0.000290785108458219	48	216	1.84588409007014	3.22101282502734e-19	110	151	2.05864960371114	0.0053163447610298	34	97	1.75671624757485	
Envelope	0.00568755712818014	226	1098	1.23403905089124	3.4919692924315e-07	199	1127	1.46671624015777	3.13334566992044e-05	227	501	1.28042700900756	7.63918365552889e-14	420	1482	1.42035047880843	
Sm-like protein family complex	0.00827865564331808	24	72	1.99848802046988	0.00179336394219861	21	74	2.35724387177876	1.41724287220621e-07	46	65	1.99991330732553	0.00343450570051817	33	91	1.81746887798548	
Microtubule cytoskeleton	2.98657415819255e-06	269	1193	1.35186909683084	4.30485153740464e-10	235	1269	1.53823674172511	8.85668000753058e-06	185	390	1.34052160092472	-	-	-	-	
DNA packaging complex	6.26680020446682e-05	29	71	2.44885151804055	3.00756143478894e-05	35	125	2.32581395348837	2.42740837083946e-18	95	126	2.13068748666928	-	-	-	-	
Nuclear body	2.02318863463182e-05	178	753	1.4172544527635	2.92614924392875e-08	150	763	1.63299051218525	0.00264730932137342	47	87	1.52667045324325	-	-	-	-	
RNA binding	1.3135505426853e-16	385	1520	1.51858793660704	2.41187860957807e-16	232	1087	1.77286383627711	3.14430921198926e-33	400	687	1.64539415196708	1.7405495287469e-18	538	1867	1.4442168010325	
Catalytic activity, acting on a nucleic acid	6.02229235023261e-20	179	524	2.04806883013802	4.1049773747133e-20	149	540	2.29197274517042	2.0032145992445e-20	224	372	1.70165601651822	1.06058001913441e-05	245	896	1.37041628228782	
Structural constituent of ribosome	-	-	-	-	1.21943798638917e-07	47	151	2.58546016589294	8.95937893216472e-14	112	171	1.85092408814262	3.01057236291249e-06	122	376	1.62617178299443	
Nuclease activity	4.60401594623341e-07	64	183	2.09677431655856	2.9141495733374e-06	52	193	2.23801490713167	3.14191484300333e-05	69	121	1.61150039226644	-	-	-	-	
Hydrolase activity, acting on acid anhydrides	2.22623108813864e-05	161	657	1.46920808810799	0.000494510229695307	119	668	1.47974690154575	1.9678717835069e-09	224	444	1.42571179762337	-	-	-	-	
Single-stranded DNA binding	0.000384382885305754	38	109	2.09016178287675	0.00030655499386127	32	115	2.31136790408782	5.49129567071353e-06	36	50	2.0346944083225	-	-	-	-	
ATP-dependent activity	0.0018095202056037	121	510	1.42245323809915	3.87335127517228e-05	106	546	1.61261302374259	7.82108915048674e-06	198	418	1.33861474231743	-	-	-	-	
Damaged DNA binding	0.0052883694731805	23	61	2.2605848100397	-	-	-	-	0.00101047212444064	19	25	2.14773298656264	0.00183735236095248	22	45	2.45021730217302	
