Expected OGs:
Human	18205	5222	6020	5847	6092
Mouse	20041	4184	5802	5830	6006
D. melanogaster	13039	6472	5765	5650	5707
Flower	27164	8089	11919	11986	11950

Expected Convergent Count:
Human	18205	2166	1369	1213	1364
Mouse	20041	1684	1231	1253	1212
D. melanogaster	13039	2670	1225	1247	1291
Flower	27164	4602	4266	4469	4429

Expected Diff Nested Count:
Human	18205	912	4147	4119	4125
Mouse	20041	632	4080	4155	4306
D. melanogaster	13039	1610	4174	4030	4102
Flower	27164	739	4527	4567	4384

Expected Divergent Count:
Human	18205	560	34	37	36
Mouse	20041	538	43	54	38
D. melanogaster	13039	194	308	294	308
Flower	27164	588	1375	1427	1454

Expected Divergent (Large) Count:
Human	18205	997	1302	1293	1413
Mouse	20041	512	1134	1112	1157
D. melanogaster	13039	186	948	933	927
Flower	27164	108	3105	2956	2995

Expected Promotor sharing Count:
Human	18205	1335	34	38	44
Mouse	20041	1250	48	38	42
D. melanogaster	13039	3223	340	346	325
Flower	27164	3046	1462	1431	1534
